uptime_s	usb_current_ua	usb_voltage_uv	battery_current_ma	battery_voltage_uv	battery_charge_counter_uah
267326.04	494000	5070000	65	3999000	4676000
267326.31	494000	5071000	65	3999000	4676000
267326.60	497000	5077000	65	3999000	4676000
267326.90	497000	5071000	65	3999000	4676000
267327.19	494000	5062000	65	3999000	4676000
267327.49	497000	5070000	65	3999000	4676000
267327.73	494000	5067000	65	3999000	4676000
267328.02	494000	5071000	65	3999000	4676000
267328.31	494000	5066000	65	3999000	4676000
267328.60	494000	5074000	65	3999000	4676000
267328.87	494000	5072000	65	3999000	4676000
267329.16	494000	5070000	65	3999000	4676000
267329.44	494000	5070000	65	3999000	4676000
267329.74	494000	5074000	65	3999000	4676000
267330.03	494000	5070000	65	3999000	4676000
267330.32	497000	5074000	65	3999000	4676000
267330.61	494000	5072000	65	3999000	4676000
267330.87	494000	5067000	201	3999000	4676000
267331.21	497000	5068000	250	3999000	4676000
267331.50	494000	5072000	250	3999000	4676000
267331.79	494000	5068000	250	3999000	4676000
267332.07	497000	5067000	250	3999000	4676000
267332.36	494000	5064000	250	3999000	4676000
267332.65	494000	5071000	250	3999000	4676000
267332.94	494000	5072000	250	3999000	4676000
267333.22	494000	5070000	250	3999000	4676000
267333.50	497000	5077000	250	3999000	4676000
267333.79	497000	5071000	250	3999000	4676000
267334.07	497000	5083000	250	3999000	4676000
267334.37	494000	5075000	250	3999000	4676000
267334.66	494000	5074000	250	3999000	4676000
267334.95	494000	5075000	250	3999000	4676000
267335.23	497000	5074000	250	3999000	4676000
267335.52	494000	5075000	250	3999000	4676000
267335.81	494000	5075000	250	3999000	4676000
267336.10	494000	5075000	250	3999000	4676000
267336.39	497000	5066000	265	4008000	4674000
267336.72	494000	5067000	265	4008000	4674000
267337.00	494000	5064000	265	4008000	4674000
267337.29	494000	5067000	265	4008000	4674000
267337.58	497000	5066000	265	4008000	4674000
267337.87	497000	5070000	265	4008000	4674000
267338.15	497000	5075000	265	4008000	4674000
267338.44	497000	5063000	265	4008000	4674000
267338.74	497000	5066000	265	4008000	4674000
267339.03	497000	5066000	265	4008000	4674000
267339.32	497000	5064000	265	4008000	4674000
267339.60	497000	5061000	265	4008000	4674000
267339.89	497000	5061000	265	4008000	4674000
267340.18	497000	5064000	265	4008000	4674000
267340.47	494000	5051000	265	4008000	4674000
267340.75	494000	5053000	265	4008000	4674000
267341.04	494000	5055000	265	4008000	4674000
267341.33	494000	5055000	265	4008000	4674000
267341.62	494000	5053000	186	4006000	4674000
267341.90	497000	5061000	115	4006000	4674000
267342.19	497000	5054000	115	4006000	4674000
267342.46	497000	5058000	115	4006000	4674000
267342.76	497000	5059000	115	4006000	4674000
267343.04	497000	5058000	115	4006000	4674000
267343.33	497000	5050000	115	4006000	4674000
267343.62	494000	5053000	115	4006000	4674000
267343.88	497000	5050000	115	4006000	4674000
267344.17	494000	5054000	115	4006000	4674000
267344.47	494000	5055000	115	4006000	4674000
267344.76	494000	5055000	115	4006000	4674000
267345.06	497000	5059000	115	4006000	4674000
267345.32	494000	5051000	115	4006000	4674000
267345.61	494000	5049000	115	4006000	4674000
267345.90	494000	5051000	115	4006000	4674000
267346.29	497000	5061000	115	4006000	4674000
267346.68	497000	5058000	115	4006000	4674000
267346.99	497000	5066000	526	3979000	4672000
267347.30	497000	5070000	510	3979000	4672000
267347.60	497000	5070000	510	3979000	4672000
267347.89	497000	5067000	510	3979000	4672000
267348.17	494000	5063000	510	3979000	4672000
267348.46	494000	5062000	510	3979000	4672000
267348.75	497000	5068000	510	3979000	4672000
267349.06	494000	5067000	510	3979000	4672000
267349.37	269000	5112000	510	3979000	4672000
267349.68	497000	5072000	510	3979000	4672000
267349.98	497000	5074000	510	3979000	4672000
267350.22	494000	5072000	510	3979000	4672000
267350.51	494000	5068000	510	3979000	4672000
267350.81	497000	5066000	510	3979000	4672000
267351.10	287000	5112000	510	3979000	4672000
267351.40	494000	5067000	510	3979000	4672000
267351.69	494000	5064000	510	3979000	4672000
267351.99	494000	5072000	510	3979000	4672000
267352.28	494000	5067000	-89	4018000	4672000
267352.74	494000	5066000	-73	4018000	4672000
267353.04	206000	5122000	-73	4018000	4672000
267353.33	247000	5111000	-73	4018000	4672000
267353.63	494000	5076000	-73	4018000	4672000
267353.92	219000	5109000	-73	4018000	4672000
267354.22	312000	5119000	-73	4018000	4672000
267354.52	494000	5072000	-73	4018000	4672000
267354.81	275000	5127000	-73	4018000	4672000
267355.11	244000	5115000	-73	4018000	4672000
267355.41	237000	5115000	-73	4018000	4672000
267355.70	259000	5118000	-73	4018000	4672000
267356.00	237000	5112000	-73	4018000	4672000
267356.30	241000	5116000	-73	4018000	4672000
267356.60	494000	5072000	-73	4018000	4672000
267356.90	497000	5072000	-73	4018000	4672000
267357.20	187000	5123000	-73	4018000	4672000
267357.49	244000	5112000	-73	4018000	4672000
267357.79	297000	5110000	-38	4017000	4672000
267358.12	497000	5068000	-33	4017000	4672000
267358.40	497000	5081000	-33	4017000	4672000
267358.70	241000	5115000	-33	4017000	4672000
267358.99	247000	5118000	-33	4017000	4672000
267359.29	244000	5112000	-33	4017000	4672000
267359.58	259000	5112000	-33	4017000	4672000
267359.88	250000	5112000	-33	4017000	4672000
267360.18	494000	5063000	-33	4017000	4672000
267360.48	244000	5114000	-33	4017000	4672000
267360.78	494000	5057000	-33	4017000	4672000
267361.09	497000	5061000	-33	4017000	4672000
267361.38	237000	5110000	-33	4017000	4672000
267361.68	269000	5101000	-33	4017000	4672000
267361.98	256000	5109000	-33	4017000	4672000
267362.28	256000	5105000	-33	4017000	4672000
267362.57	278000	5059000	-33	4017000	4672000
267362.87	259000	5099000	-33	4017000	4672000
267363.17	497000	5059000	-27	4017000	4672000
267363.50	256000	5107000	-21	4017000	4672000
267363.80	241000	5094000	-21	4017000	4672000
267364.10	497000	5054000	-21	4017000	4672000
267364.40	497000	5051000	-21	4017000	4672000
267364.69	212000	5055000	-21	4017000	4672000
267364.99	241000	5094000	-21	4017000	4672000
267365.28	347000	5098000	-21	4017000	4672000
267365.58	237000	5102000	-21	4017000	4672000
267365.89	241000	5103000	-21	4017000	4672000
267366.18	244000	5103000	-21	4017000	4672000
267366.48	494000	5058000	-21	4017000	4672000
267366.78	494000	5059000	-21	4017000	4672000
267367.08	244000	5046000	-21	4017000	4672000
267367.38	250000	5096000	-21	4017000	4672000
267367.68	244000	5096000	-21	4017000	4672000
267367.97	247000	5099000	-21	4017000	4672000
267368.27	244000	5099000	-21	4017000	4672000
267368.57	281000	5054000	-21	4014000	4672000
267369.01	244000	5105000	-21	4014000	4672000
267369.31	253000	5105000	-21	4014000	4672000
267369.61	247000	5099000	-21	4014000	4672000
267369.91	237000	5106000	-21	4014000	4672000
267370.21	237000	5109000	-21	4014000	4672000
267370.50	234000	5114000	-21	4014000	4672000
267370.80	494000	5062000	-21	4014000	4672000
267371.10	241000	5102000	-21	4014000	4672000
267371.40	244000	5115000	-21	4014000	4672000
267371.69	253000	5111000	-21	4014000	4672000
267371.99	250000	5123000	-21	4014000	4672000
267372.29	497000	5071000	-21	4014000	4672000
267372.58	244000	5129000	-21	4014000	4672000
267372.88	494000	5116000	-21	4014000	4672000
267373.17	244000	5115000	-21	4014000	4672000
267373.47	262000	5119000	-21	4014000	4672000
267373.77	250000	5070000	-18	4013000	4672000
267374.18	244000	5110000	-18	4013000	4672000
267374.48	253000	5105000	-18	4013000	4672000
267374.77	262000	5114000	-18	4013000	4672000
267375.07	247000	5114000	-18	4013000	4672000
267375.37	237000	5111000	-18	4013000	4672000
267375.66	250000	5116000	-18	4013000	4672000
267375.96	253000	5114000	-18	4013000	4672000
267376.25	237000	5111000	-18	4013000	4672000
267376.55	353000	5071000	-18	4013000	4672000
267376.85	237000	5089000	-18	4013000	4672000
267377.15	247000	5120000	-18	4013000	4672000
267377.45	494000	5068000	-18	4013000	4672000
267377.74	234000	5112000	-18	4013000	4672000
267378.04	253000	5114000	-18	4013000	4672000
267378.33	237000	5115000	-18	4013000	4672000
267378.63	497000	5071000	-18	4013000	4672000
267378.89	497000	5072000	-18	4013000	4672000
267379.19	497000	5071000	-25	4017000	4672000
267379.59	497000	5070000	-25	4017000	4672000
267379.89	253000	5120000	-25	4017000	4672000
267380.19	256000	5112000	-25	4017000	4672000
267380.49	253000	5115000	-25	4017000	4672000
267380.78	216000	5112000	-25	4017000	4672000
267381.09	250000	5119000	-25	4017000	4672000
267381.38	247000	5111000	-25	4017000	4672000
267381.69	278000	5116000	-25	4017000	4672000
267381.99	241000	5116000	-25	4017000	4672000
267382.29	259000	5111000	-25	4017000	4672000
267382.59	497000	5059000	-25	4017000	4672000
267382.89	247000	5114000	-25	4017000	4672000
267383.19	237000	5106000	-25	4017000	4672000
267383.49	316000	5062000	-25	4017000	4672000
267383.78	237000	5110000	-25	4017000	4672000
267384.09	253000	5106000	-25	4017000	4672000
267384.38	262000	5103000	-25	4017000	4672000
267384.68	494000	5059000	-9	4018000	4672000
267385.15	241000	5102000	-9	4018000	4672000
267385.44	497000	5051000	-9	4018000	4672000
267385.74	278000	5102000	-9	4018000	4672000
267386.05	253000	5098000	-9	4018000	4672000
267386.34	250000	5103000	-9	4018000	4672000
267386.64	234000	5105000	-9	4018000	4672000
267386.93	247000	5099000	-9	4018000	4672000
267387.23	234000	5088000	-9	4018000	4672000
267387.54	237000	5101000	-9	4018000	4672000
267387.84	256000	5057000	-9	4018000	4672000
267388.13	253000	5106000	-9	4018000	4672000
267388.43	259000	5105000	-9	4018000	4672000
267388.72	497000	5062000	-9	4018000	4672000
267389.02	241000	5102000	-9	4018000	4672000
267389.32	378000	5105000	-9	4018000	4672000
267389.62	247000	5088000	-9	4018000	4672000
267389.92	494000	5061000	-24	4016000	4672000
267390.34	297000	5098000	-11	4016000	4672000
267390.64	497000	5061000	-11	4016000	4672000
267390.93	497000	5064000	-11	4016000	4672000
267391.22	262000	5114000	-11	4016000	4672000
267391.52	494000	5070000	-11	4016000	4672000
267391.82	459000	5114000	-11	4016000	4672000
267392.12	237000	5118000	-11	4016000	4672000
267392.41	259000	5118000	-11	4016000	4672000
267392.71	216000	5072000	-11	4016000	4672000
267393.01	256000	5110000	-11	4016000	4672000
267393.31	244000	5116000	-11	4016000	4672000
267393.61	225000	5107000	-11	4016000	4672000
267393.91	241000	5109000	-11	4016000	4672000
267394.20	244000	5120000	-11	4016000	4672000
267394.50	269000	5118000	-11	4016000	4672000
267394.81	237000	5124000	-11	4016000	4672000
267395.10	237000	5119000	-11	4016000	4672000
267395.41	497000	5070000	-11	4014000	4672000
267395.75	406000	5077000	-12	4014000	4672000
267396.05	222000	5119000	-12	4014000	4672000
267396.34	241000	5125000	-12	4014000	4672000
267396.64	497000	5075000	-12	4014000	4672000
267396.95	237000	5127000	-12	4014000	4672000
267397.25	497000	5080000	-12	4014000	4672000
267397.54	494000	5072000	-12	4014000	4672000
267397.85	497000	5084000	-12	4014000	4672000
267398.14	256000	5116000	-12	4014000	4672000
267398.44	256000	5120000	-12	4014000	4672000
267398.74	228000	5114000	-12	4014000	4672000
267399.04	244000	5068000	-12	4014000	4672000
267399.34	359000	5090000	-12	4014000	4672000
267399.63	494000	5075000	-12	4014000	4672000
267399.94	287000	5071000	-12	4014000	4672000
267400.24	497000	5070000	-12	4014000	4672000
267400.53	197000	5111000	-12	4014000	4672000
267400.83	256000	5071000	-27	4018000	4672000
267401.27	253000	5111000	-27	4018000	4672000
267401.57	244000	5123000	-27	4018000	4672000
267401.86	244000	5115000	-27	4018000	4672000
267402.16	494000	5070000	-27	4018000	4672000
267402.46	247000	5116000	-27	4018000	4672000
267402.76	237000	5107000	-27	4018000	4672000
267403.05	497000	5071000	-27	4018000	4672000
267403.35	272000	5116000	-27	4018000	4672000
267403.65	256000	5125000	-27	4018000	4672000
267403.94	234000	5127000	-27	4018000	4672000
267404.25	241000	5068000	-27	4018000	4672000
267404.54	241000	5106000	-27	4018000	4672000
267404.84	362000	5123000	-27	4018000	4672000
267405.14	237000	5114000	-27	4018000	4672000
267405.44	237000	5119000	-27	4018000	4672000
267405.74	266000	5111000	-27	4018000	4672000
267406.03	494000	5062000	-29	4014000	4672000
267406.47	247000	5106000	-44	4014000	4672000
267406.77	234000	5102000	-44	4014000	4672000
267407.06	253000	5105000	-44	4014000	4672000
267407.37	247000	5092000	-44	4014000	4672000
267407.66	241000	5067000	-44	4014000	4672000
267407.95	244000	5094000	-44	4014000	4672000
267408.25	244000	5101000	-44	4014000	4672000
267408.56	494000	5055000	-44	4014000	4672000
267408.85	259000	5062000	-44	4014000	4672000
267409.15	291000	5101000	-44	4014000	4672000
267409.44	497000	5059000	-44	4014000	4672000
267409.74	241000	5105000	-44	4014000	4672000
267410.04	244000	5094000	-44	4014000	4672000
267410.34	494000	5053000	-44	4014000	4672000
267410.63	241000	5097000	-44	4014000	4672000
267410.93	309000	5099000	-44	4014000	4672000
267411.23	234000	5102000	-44	4014000	4672000
267411.53	497000	5050000	-11	4015000	4672000
267411.89	244000	5097000	-9	4015000	4672000
267412.19	241000	5096000	-9	4015000	4672000
267412.49	237000	5103000	-9	4015000	4672000
267412.78	237000	5119000	-9	4015000	4672000
267413.08	494000	5059000	-9	4015000	4672000
267413.38	497000	5059000	-9	4015000	4672000
267413.68	284000	5102000	-9	4015000	4672000
267413.97	237000	5063000	-9	4015000	4672000
267414.27	262000	5106000	-9	4015000	4672000
267414.57	247000	5115000	-9	4015000	4672000
267414.86	244000	5111000	-9	4015000	4672000
267415.16	269000	5118000	-9	4015000	4672000
267415.46	241000	5112000	-9	4015000	4672000
267415.76	237000	5112000	-9	4015000	4672000
267416.05	241000	5110000	-9	4015000	4672000
267416.35	234000	5099000	-9	4015000	4672000
267416.65	497000	5076000	-9	4015000	4672000
267416.95	497000	5067000	-27	4014000	4672000
267417.41	253000	5120000	-27	4014000	4672000
267417.71	497000	5068000	-27	4014000	4672000
267418.01	247000	5115000	-27	4014000	4672000
267418.30	247000	5115000	-27	4014000	4672000
267418.60	281000	5079000	-27	4014000	4672000
267418.89	237000	5112000	-27	4014000	4672000
267419.19	253000	5123000	-27	4014000	4672000
267419.49	191000	5119000	-27	4014000	4672000
267419.78	234000	5120000	-27	4014000	4672000
267420.08	494000	5074000	-27	4014000	4672000
267420.38	194000	5116000	-27	4014000	4672000
267420.68	275000	5110000	-27	4014000	4672000
267420.98	237000	5111000	-27	4014000	4672000
267421.28	253000	5115000	-27	4014000	4672000
267421.57	250000	5119000	-27	4014000	4672000
267421.87	250000	5101000	-27	4014000	4672000
267422.16	497000	5077000	-12	4014000	4674000
267422.60	247000	5124000	-13	4014000	4674000
267422.89	241000	5119000	-13	4014000	4674000
267423.19	241000	5115000	-13	4014000	4674000
267423.49	497000	5072000	-13	4014000	4674000
267423.78	331000	5116000	-13	4014000	4674000
267424.08	241000	5123000	-13	4014000	4674000
267424.37	241000	5116000	-13	4014000	4674000
267424.67	244000	5109000	-13	4014000	4674000
267424.97	231000	5119000	-13	4014000	4674000
267425.27	244000	5120000	-13	4014000	4674000
267425.56	234000	5107000	-13	4014000	4674000
267425.86	237000	5110000	-13	4014000	4674000
267426.16	247000	5111000	-13	4014000	4674000
267426.45	247000	5096000	-13	4014000	4674000
267426.75	272000	5089000	-13	4014000	4674000
267427.05	244000	5114000	-13	4014000	4674000
267427.35	241000	5107000	-13	4014000	4674000
267427.65	494000	5063000	-16	4014000	4674000
267427.97	275000	5099000	-16	4014000	4674000
267428.27	294000	5107000	-16	4014000	4674000
267428.56	497000	5058000	-16	4014000	4674000
267428.86	250000	5106000	-16	4014000	4674000
267429.16	497000	5055000	-16	4014000	4674000
267429.46	237000	5107000	-16	4014000	4674000
267429.76	241000	5107000	-16	4014000	4674000
267430.06	256000	5106000	-16	4014000	4674000
267430.36	244000	5098000	-16	4014000	4674000
267430.65	250000	5102000	-16	4014000	4674000
267430.94	241000	5061000	-16	4014000	4674000
267431.25	237000	5106000	-16	4014000	4674000
267431.54	250000	5098000	-16	4014000	4674000
267431.84	247000	5057000	-16	4014000	4674000
267432.13	237000	5105000	-16	4014000	4674000
267432.43	206000	5103000	-16	4014000	4674000
267432.72	234000	5101000	-16	4014000	4674000
267433.02	497000	5058000	-21	4016000	4674000
267433.35	234000	5097000	-5	4016000	4674000
267433.65	237000	5089000	-5	4016000	4674000
267433.95	494000	5051000	-5	4016000	4674000
267434.25	247000	5089000	-5	4016000	4674000
267434.55	253000	5097000	-5	4016000	4674000
267434.85	237000	5098000	-5	4016000	4674000
267435.14	241000	5098000	-5	4016000	4674000
267435.44	284000	5106000	-5	4016000	4674000
267435.73	231000	5106000	-5	4016000	4674000
267436.02	244000	5111000	-5	4016000	4674000
267436.33	237000	5107000	-5	4016000	4674000
267436.62	241000	5085000	-5	4016000	4674000
267436.92	234000	5107000	-5	4016000	4674000
267437.21	237000	5103000	-5	4016000	4674000
267437.51	231000	5099000	-5	4016000	4674000
267437.81	241000	5111000	-5	4016000	4674000
267438.10	234000	5111000	-5	4016000	4674000
267438.40	494000	5062000	0	4014000	4674000
267438.73	494000	5061000	0	4014000	4674000
267439.02	244000	5064000	0	4014000	4674000
267439.31	237000	5119000	0	4014000	4674000
267439.61	300000	5097000	0	4014000	4674000
267439.91	494000	5063000	0	4014000	4674000
267440.21	237000	5124000	0	4014000	4674000
267440.51	256000	5098000	0	4014000	4674000
267440.81	250000	5124000	0	4014000	4674000
267441.10	231000	5118000	0	4014000	4674000
267441.40	284000	5114000	0	4014000	4674000
267441.70	250000	5123000	0	4014000	4674000
267442.01	494000	5071000	0	4014000	4674000
267442.31	231000	5127000	0	4014000	4674000
267442.60	247000	5119000	0	4014000	4674000
267442.90	237000	5119000	0	4014000	4674000
267443.20	244000	5116000	0	4014000	4674000
267443.50	241000	5111000	0	4014000	4674000
267443.80	494000	5072000	-24	4017000	4674000
267444.14	241000	5114000	-11	4017000	4674000
267444.44	494000	5068000	-11	4017000	4674000
267444.73	234000	5110000	-11	4017000	4674000
267445.03	387000	5109000	-11	4017000	4674000
267445.34	237000	5114000	-11	4017000	4674000
267445.64	247000	5116000	-11	4017000	4674000
267445.93	241000	5120000	-11	4017000	4674000
267446.23	497000	5067000	-11	4017000	4674000
267446.52	237000	5122000	-11	4017000	4674000
267446.82	256000	5072000	-11	4017000	4674000
267447.12	244000	5116000	-11	4017000	4674000
267447.41	253000	5118000	-11	4017000	4674000
267447.71	237000	5116000	-11	4017000	4674000
267448.00	494000	5064000	-11	4017000	4674000
267448.30	237000	5107000	-11	4017000	4674000
267448.60	253000	5110000	-11	4017000	4674000
267448.89	253000	5109000	-11	4017000	4674000
267449.19	497000	5105000	-16	4014000	4674000
267449.66	284000	5105000	-16	4014000	4674000
267449.96	228000	5111000	-16	4014000	4674000
267450.26	237000	5103000	-16	4014000	4674000
267450.56	244000	5112000	-16	4014000	4674000
267450.86	250000	5058000	-16	4014000	4674000
267451.16	225000	5102000	-16	4014000	4674000
267451.45	237000	5099000	-16	4014000	4674000
267451.75	241000	5097000	-16	4014000	4674000
267452.05	237000	5049000	-16	4014000	4674000
267452.35	253000	5096000	-16	4014000	4674000
267452.65	244000	5042000	-16	4014000	4674000
267452.94	231000	5105000	-16	4014000	4674000
267453.25	234000	5098000	-16	4014000	4674000
267453.54	253000	5103000	-16	4014000	4674000
267453.84	231000	5092000	-16	4014000	4674000
267454.15	253000	5090000	-16	4014000	4674000
267454.45	269000	5061000	0	4014000	4674000
267454.86	241000	5105000	0	4014000	4674000
267455.16	497000	5063000	0	4014000	4674000
267455.45	237000	5101000	0	4014000	4674000
267455.75	497000	5054000	0	4014000	4674000
267456.05	497000	5054000	0	4014000	4674000
267456.35	497000	5053000	0	4014000	4674000
267456.64	497000	5046000	0	4014000	4674000
267456.94	241000	5103000	0	4014000	4674000
267457.24	497000	5054000	0	4014000	4674000
267457.54	237000	5101000	0	4014000	4674000
267457.84	259000	5062000	0	4014000	4674000
267458.13	259000	5109000	0	4014000	4674000
267458.44	250000	5105000	0	4014000	4674000
267458.73	253000	5101000	0	4014000	4674000
267459.03	253000	5102000	0	4014000	4674000
267459.33	494000	5059000	0	4014000	4674000
267459.61	234000	5067000	0	4014000	4674000
267459.92	497000	5068000	-12	4017000	4674000
267460.27	259000	5115000	-20	4017000	4674000
267460.57	253000	5114000	-20	4017000	4674000
267460.86	494000	5068000	-20	4017000	4674000
267461.14	253000	5120000	-20	4017000	4674000
267461.45	250000	5102000	-20	4017000	4674000
267461.75	494000	5072000	-20	4017000	4674000
267462.05	497000	5076000	-20	4017000	4674000
267462.34	497000	5076000	-20	4017000	4674000
267462.64	497000	5070000	-20	4017000	4674000
267462.94	241000	5068000	-20	4017000	4674000
267463.23	494000	5074000	-20	4017000	4674000
267463.53	241000	5114000	-20	4017000	4674000
267463.82	234000	5075000	-20	4017000	4674000
267464.13	494000	5072000	-20	4017000	4674000
267464.42	494000	5067000	-20	4017000	4674000
267464.72	497000	5071000	-20	4017000	4674000
267465.01	250000	5112000	-20	4017000	4674000
267465.31	497000	5079000	91	4017000	4674000
267465.62	497000	5076000	90	4017000	4674000
267465.92	494000	5054000	90	4017000	4674000
267466.21	284000	5116000	90	4017000	4674000
267466.51	497000	5063000	90	4017000	4674000
267466.81	497000	5087000	90	4017000	4674000
267467.10	497000	5076000	90	4017000	4674000
267467.41	237000	5128000	90	4017000	4674000
267467.70	231000	5132000	90	4017000	4674000
267468.01	244000	5119000	90	4017000	4674000
267468.30	244000	5116000	90	4017000	4674000
267468.60	494000	5063000	90	4017000	4674000
267468.90	237000	5115000	90	4017000	4674000
267469.19	494000	5063000	90	4017000	4674000
267469.49	250000	5110000	90	4017000	4674000
267469.79	256000	5122000	90	4017000	4674000
267470.09	253000	5090000	90	4017000	4674000
267470.39	309000	5119000	90	4017000	4674000
267470.69	497000	5067000	-37	4018000	4674000
267471.02	247000	5106000	-33	4018000	4674000
267471.32	241000	5120000	-33	4018000	4674000
267471.61	494000	5070000	-33	4018000	4674000
267471.91	394000	5067000	-33	4018000	4674000
267472.20	494000	5055000	-33	4018000	4674000
267472.50	247000	5120000	-33	4018000	4674000
267472.79	494000	5062000	-33	4018000	4674000
267473.10	494000	5064000	-33	4018000	4674000
267473.39	497000	5063000	-33	4018000	4674000
267473.69	494000	5067000	-33	4018000	4674000
267473.99	253000	5098000	-33	4018000	4674000
267474.28	494000	5057000	-33	4018000	4674000
267474.58	253000	5089000	-33	4018000	4674000
267474.88	494000	5058000	-33	4018000	4674000
267475.17	494000	5051000	-33	4018000	4674000
267475.47	494000	5046000	-33	4018000	4674000
267475.77	494000	5061000	-33	4018000	4674000
267476.07	269000	5040000	20	4015000	4672000
267476.38	262000	5051000	31	4015000	4672000
267476.68	494000	5058000	31	4015000	4672000
267476.97	494000	5054000	31	4015000	4672000
267477.27	494000	5059000	31	4015000	4672000
267477.57	250000	5106000	31	4015000	4672000
267477.86	494000	5062000	31	4015000	4672000
267478.16	272000	5094000	31	4015000	4672000
267478.46	497000	5045000	31	4015000	4672000
267478.76	497000	5067000	31	4015000	4672000
267479.05	497000	5058000	31	4015000	4672000
267479.35	494000	5058000	31	4015000	4672000
267479.65	494000	5054000	31	4015000	4672000
267479.94	494000	5058000	31	4015000	4672000
267480.24	497000	5055000	31	4015000	4672000
267480.53	256000	5118000	31	4015000	4672000
267480.83	247000	5102000	31	4015000	4672000
267481.13	344000	5063000	31	4015000	4672000
267481.43	494000	5050000	-52	4017000	4672000
267481.76	253000	5107000	-44	4017000	4672000
267482.05	494000	5067000	-44	4017000	4672000
267482.35	494000	5107000	-44	4017000	4672000
267482.65	494000	5050000	-44	4017000	4672000
267482.95	262000	5092000	-44	4017000	4672000
267483.24	494000	5062000	-44	4017000	4672000
267483.54	494000	5054000	-44	4017000	4672000
267483.84	494000	5064000	-44	4017000	4672000
267484.14	497000	5080000	-44	4017000	4672000
267484.44	497000	5067000	-44	4017000	4672000
267484.73	497000	5062000	-44	4017000	4672000
267485.03	300000	5109000	-44	4017000	4672000
267485.33	494000	5063000	-44	4017000	4672000
267485.62	287000	5110000	-44	4017000	4672000
267485.92	494000	5054000	-44	4017000	4672000
267486.21	494000	5076000	-44	4017000	4672000
267486.51	494000	5067000	-44	4017000	4672000
267486.81	494000	5068000	82	3999000	4672000
267487.14	497000	5068000	56	3999000	4672000
267487.44	497000	5077000	56	3999000	4672000
267487.73	253000	5122000	56	3999000	4672000
267488.03	497000	5076000	56	3999000	4672000
267488.32	497000	5064000	56	3999000	4672000
267488.62	497000	5072000	56	3999000	4672000
267488.92	253000	5114000	56	3999000	4672000
267489.21	497000	5061000	56	3999000	4672000
267489.51	216000	5122000	56	3999000	4672000
267489.80	494000	5067000	56	3999000	4672000
267490.10	497000	5080000	56	3999000	4672000
267490.40	494000	5067000	56	3999000	4672000
267490.69	494000	5076000	56	3999000	4672000
267490.99	494000	5068000	56	3999000	4672000
267491.29	494000	5062000	56	3999000	4672000
267491.58	494000	5070000	56	3999000	4672000
267491.89	494000	5074000	56	3999000	4672000
267492.18	494000	5080000	85	4014000	4672000
267492.52	494000	5061000	89	4014000	4672000
267492.82	497000	5072000	89	4014000	4672000
267493.12	494000	5064000	89	4014000	4672000
267493.41	494000	5068000	89	4014000	4672000
267493.71	494000	5063000	89	4014000	4672000
267494.01	494000	5070000	89	4014000	4672000
267494.30	497000	5064000	89	4014000	4672000
267494.60	497000	5067000	89	4014000	4672000
267494.89	300000	5099000	89	4014000	4672000
267495.19	494000	5046000	89	4014000	4672000
267495.49	494000	5072000	89	4014000	4672000
267495.78	494000	5061000	89	4014000	4672000
267496.08	497000	5046000	89	4014000	4672000
267496.38	497000	5057000	89	4014000	4672000
267496.68	494000	5063000	89	4014000	4672000
267496.97	497000	5054000	89	4014000	4672000
267497.27	497000	5063000	89	4014000	4672000
267497.57	269000	5057000	102	4001000	4672000
267497.90	244000	5106000	102	4001000	4672000
267498.20	494000	5058000	102	4001000	4672000
267498.50	231000	5111000	102	4001000	4672000
267498.80	494000	5059000	102	4001000	4672000
267499.10	497000	5062000	102	4001000	4672000
267499.40	494000	5053000	102	4001000	4672000
267499.69	494000	5040000	102	4001000	4672000
267499.99	494000	5054000	102	4001000	4672000
267500.28	494000	5045000	102	4001000	4672000
267500.58	256000	5114000	102	4001000	4672000
267500.88	497000	5054000	102	4001000	4672000
267501.18	494000	5051000	102	4001000	4672000
267501.47	494000	5054000	102	4001000	4672000
267501.77	494000	5058000	102	4001000	4672000
267502.06	497000	5053000	102	4001000	4672000
267502.36	497000	5059000	102	4001000	4672000
267502.65	216000	5098000	102	4001000	4672000
267502.95	494000	5053000	34	4000000	4672000
267503.41	387000	5111000	34	4000000	4672000
267503.70	247000	5128000	34	4000000	4672000
267504.00	272000	5112000	34	4000000	4672000
267504.30	494000	5054000	34	4000000	4672000
267504.60	497000	5083000	34	4000000	4672000
267504.89	497000	5067000	34	4000000	4672000
267505.19	497000	5075000	34	4000000	4672000
267505.48	494000	5062000	34	4000000	4672000
267505.78	494000	5050000	34	4000000	4672000
267506.08	259000	5109000	34	4000000	4672000
267506.37	494000	5070000	34	4000000	4672000
267506.67	494000	5061000	34	4000000	4672000
267506.97	494000	5071000	34	4000000	4672000
267507.26	494000	5109000	34	4000000	4672000
267507.56	494000	5054000	34	4000000	4672000
267507.86	494000	5068000	34	4000000	4672000
267508.16	494000	5062000	34	4000000	4672000
267508.45	494000	5071000	105	4004000	4670000
267508.79	494000	5066000	105	4004000	4670000
267509.08	494000	5075000	105	4004000	4670000
267509.37	262000	5102000	105	4004000	4670000
267509.67	494000	5064000	105	4004000	4670000
267509.97	494000	5070000	105	4004000	4670000
267510.27	494000	5074000	105	4004000	4670000
267510.56	497000	5071000	105	4004000	4670000
267510.86	497000	5076000	105	4004000	4670000
267511.16	237000	5107000	105	4004000	4670000
267511.46	497000	5055000	105	4004000	4670000
267511.76	253000	5120000	105	4004000	4670000
267512.05	497000	5068000	105	4004000	4670000
267512.35	494000	5071000	105	4004000	4670000
267512.65	444000	5066000	105	4004000	4670000
267512.94	250000	5124000	105	4004000	4670000
267513.24	494000	5076000	105	4004000	4670000
267513.53	497000	5081000	105	4004000	4670000
267513.83	497000	5063000	-63	4017000	4670000
267514.17	212000	5120000	-63	4017000	4670000
267514.46	494000	5067000	-63	4017000	4670000
267514.76	497000	5077000	-63	4017000	4670000
267515.06	497000	5066000	-63	4017000	4670000
267515.36	497000	5072000	-63	4017000	4670000
267515.65	497000	5075000	-63	4017000	4670000
267515.95	497000	5076000	-63	4017000	4670000
267516.25	497000	5064000	-63	4017000	4670000
267516.55	494000	5072000	-63	4017000	4670000
267516.84	497000	5066000	-63	4017000	4670000
267517.14	494000	5046000	-63	4017000	4670000
267517.44	262000	5103000	-63	4017000	4670000
267517.73	497000	5057000	-63	4017000	4670000
267518.03	256000	5115000	-63	4017000	4670000
267518.32	497000	5061000	-63	4017000	4670000
267518.62	497000	5059000	-63	4017000	4670000
267518.92	497000	5093000	52	3998000	4670000
267519.33	497000	5061000	95	3998000	4670000
267519.63	259000	5098000	95	3998000	4670000
267519.92	497000	5046000	95	3998000	4670000
267520.22	497000	5072000	95	3998000	4670000
267520.51	497000	5057000	95	3998000	4670000
267520.81	497000	5072000	95	3998000	4670000
267521.11	497000	5054000	95	3998000	4670000
267521.40	497000	5064000	95	3998000	4670000
267521.70	497000	5053000	95	3998000	4670000
267522.00	497000	5066000	95	3998000	4670000
267522.29	275000	5090000	95	3998000	4670000
267522.59	494000	5040000	95	3998000	4670000
267522.89	269000	5097000	95	3998000	4670000
267523.18	494000	5049000	95	3998000	4670000
267523.48	494000	5049000	95	3998000	4670000
267523.77	494000	5040000	95	3998000	4670000
267524.07	253000	5116000	95	3998000	4670000
267524.36	497000	5058000	61	4011000	4670000
267524.74	497000	5062000	94	4011000	4670000
267525.03	494000	5059000	94	4011000	4670000
267525.33	494000	5062000	94	4011000	4670000
267525.63	494000	5061000	94	4011000	4670000
267525.93	494000	5068000	94	4011000	4670000
267526.22	497000	5067000	94	4011000	4670000
267526.52	497000	5054000	94	4011000	4670000
267526.81	494000	5067000	94	4011000	4670000
267527.11	497000	5063000	94	4011000	4670000
267527.41	494000	5062000	94	4011000	4670000
267527.71	494000	5061000	94	4011000	4670000
267528.01	494000	5072000	94	4011000	4670000
267528.29	494000	5062000	94	4011000	4670000
267528.59	494000	5057000	94	4011000	4670000
267528.89	494000	5068000	94	4011000	4670000
267529.18	494000	5079000	94	4011000	4670000
267529.48	281000	5112000	94	4011000	4670000
267529.78	494000	5067000	93	4008000	4670000
267530.10	403000	5068000	44	4008000	4670000
267530.40	494000	5072000	44	4008000	4670000
267530.70	497000	5068000	44	4008000	4670000
267531.01	494000	5067000	44	4008000	4670000
